651.8
776.7
830.7
866.82
886.86
892.72
895.88
897.26
895.64
903.56
904.72
902.96
904.8
907.46
905.04
895.4
881.0
897.16
896.98
911.0
913.22
900.64
896.54
889.44
895.32
891.84
892.9
897.4
903.78
889.42
897.34
897.12
894.66
893.46
895.06
899.72
893.84
902.62
898.26
896.28
908.58
910.36
904.64
900.7
904.4
912.36
897.06
897.22
900.76
900.02
903.14
895.82
897.04
895.14
878.04
892.64
900.02
902.48
893.86
898.4
903.06
899.92
906.1
896.92
907.66
899.38
891.4
887.32
902.26
900.16
904.16
895.44
887.3
894.04
891.48
905.68
912.64
904.88
895.82
894.58
904.96
897.42
886.76
905.26
902.5
894.16
895.16
895.46
883.34
902.08
903.42
902.5
909.74
917.14
899.92
880.54
886.66
894.52
905.98
895.46
